0 187 125 85 78 70 61 66 51 71 90 76 51 51 65 60 53 49 61 56 48 49 35 42 46 35 26 29 28 34 37 37 30 35 30 27 22 30 35 26 30 25 27 20 10 11 20 19 20 18 20 25 25 38 26 19 24 24 26 31 22 27 19 23 15 21 20 12 16 20 11 16 18 12 18 15 10 11 15 13 21 19 15 21 25 19 21 23 20 23 19 12 27 21 19 18 24 17 14 14 14 11 10 11 15 25 18 11 15 3 10 15 15 11 11 6 12 8 13 19 12 15 7 12 10
187 0 229 126 81 78 55 50 54 55 57 73 65 51 69 61 50 57 59 62 62 56 42 39 44 43 40 50 44 39 30 30 26 28 28 23 23 33 33 20 23 24 23 17 10 19 18 17 20 22 19 22 26 45 42 21 24 31 21 34 25 23 29 24 21 22 20 19 15 17 13 12 19 13 16 16 19 22 20 14 20 16 14 18 32 18 19 28 27 34 29 27 25 21 26 20 21 16 12 16 16 15 23 16 15 14 11 13 11 14 16 13 10 13 13 13 10 9 6 13 9 15 13 16 8
125 229 0 204 144 86 81 60 55 44 71 50 54 50 62 55 58 57 59 53 65 57 48 51 33 43 37 28 41 41 37 47 29 29 32 23 28 23 20 30 37 23 16 21 17 18 18 17 31 20 21 36 34 38 26 25 36 24 23 22 23 33 24 19 24 13 10 16 19 17 13 16 15 13 23 14 20 23 10 19 15 16 29 22 23 14 14 22 25 29 27 26 26 18 23 18 15 24 16 19 17 15 13 15 21 14 20 8 8 9 9 8 11 10 12 15 9 9 13 14 14 15 8 20 12
85 126 204 0 213 128 88 62 66 59 45 58 50 47 38 51 47 50 55 63 68 63 58 57 61 53 44 35 31 29 28 34 39 24 32 26 20 32 25 23 32 16 21 21 24 25 18 25 23 29 25 37 42 50 31 28 25 41 20 27 30 31 28 25 24 24 21 19 22 19 22 20 17 13 23 11 16 25 25 16 19 30 22 33 25 31 16 26 29 23 21 29 17 23 23 20 26 18 20 25 26 16 21 26 24 16 14 16 13 23 23 17 14 12 14 15 9 15 12 13 13 18 13 14 17
78 81 144 213 0 213 122 84 83 66 56 54 58 53 34 48 45 49 53 61 49 69 62 50 50 38 47 36 43 41 32 26 12 18 27 27 27 37 28 35 26 25 18 23 20 24 17 27 22 25 29 29 32 46 43 31 30 20 28 33 26 27 32 25 22 13 17 16 17 16 20 24 12 16 17 21 12 20 17 25 21 30 29 23 20 27 26 28 29 22 36 22 22 9 19 22 26 14 21 20 28 29 18 19 16 11 14 13 19 9 16 11 17 8 14 18 17 6 10 9 10 11 11 14 14
70 78 86 128 213 0 232 130 81 75 64 49 57 60 48 57 41 39 44 40 45 64 72 62 63 40 57 42 34 35 31 35 32 22 34 31 35 21 35 33 42 32 11 21 14 13 27 24 31 28 32 31 39 48 38 35 25 26 20 27 26 26 21 22 12 22 20 21 11 16 16 13 17 22 19 24 17 18 13 17 19 13 21 24 24 22 26 25 19 29 25 22 18 20 16 23 24 23 16 14 15 18 18 16 23 16 18 12 18 15 15 7 11 10 8 11 11 12 6 14 12 10 15 16 16
61 55 81 88 122 232 0 257 149 110 86 62 66 54 53 51 43 63 43 43 50 57 57 63 65 62 54 43 55 48 32 45 30 36 41 35 27 37 33 30 28 30 16 27 30 19 19 28 21 46 33 27 43 30 38 20 34 29 30 27 25 19 17 19 20 22 23 10 15 16 19 19 17 15 25 27 13 20 13 25 24 23 21 24 32 26 13 28 20 28 15 21 30 19 27 24 26 22 21 15 11 19 15 8 15 13 20 15 16 15 15 8 11 15 9 7 14 9 13 9 9 10 14 10 11
66 50 60 62 84 130 257 0 257 133 119 70 80 74 72 44 50 58 52 40 59 56 64 76 55 61 62 55 61 33 47 31 40 32 32 29 32 43 43 47 24 33 19 27 31 25 29 19 26 35 30 40 42 32 48 25 25 24 37 32 26 30 23 26 22 23 35 26 17 13 12 20 21 22 24 26 14 15 30 22 19 28 29 28 32 21 16 18 18 22 22 14 18 14 15 18 20 22 21 11 27 13 16 14 10 16 18 14 14 13 14 11 10 11 6 14 14 12 10 15 15 14 11 16 20
51 54 55 66 83 81 149 257 0 215 132 80 89 84 72 67 48 38 61 49 57 59 59 70 65 57 61 55 47 49 41 37 31 34 38 33 35 45 52 47 31 27 25 28 26 30 20 22 29 31 35 28 41 40 45 33 38 37 21 29 33 27 27 26 16 23 14 26 15 16 20 25 22 21 15 22 20 19 18 16 16 20 25 26 29 19 17 28 25 20 33 20 17 20 18 22 25 16 30 19 27 12 16 22 20 16 16 15 20 18 16 17 16 16 16 7 7 7 12 3 6 13 15 13 13
71 55 44 59 66 75 110 133 215 0 247 159 142 76 55 69 70 64 50 54 65 38 51 59 51 52 59 49 48 48 49 37 42 47 42 49 48 40 44 31 29 25 29 26 21 30 29 30 31 24 25 29 30 49 28 33 40 33 19 27 25 27 22 26 20 21 25 16 11 24 14 29 20 16 22 15 15 18 11 16 30 20 15 20 23 22 21 21 23 19 18 25 25 23 12 23 13 24 17 13 17 20 23 11 21 14 19 16 13 14 11 18 18 11 7 12 20 17 6 6 11 9 10 7 15
90 57 71 45 56 64 86 119 132 247 0 236 151 111 82 81 67 53 47 59 50 44 54 58 35 39 44 47 59 45 38 45 35 36 32 25 25 38 28 34 33 29 33 25 22 22 14 32 27 25 34 32 23 29 40 24 27 24 29 31 24 37 32 26 29 20 25 20 16 30 21 15 13 21 18 18 12 20 22 20 35 26 22 19 26 15 9 23 24 20 18 14 23 27 18 12 16 14 16 19 16 11 15 19 16 21 16 8 9 19 11 16 12 11 12 9 7 13 8 16 8 14 10 16 17
76 73 50 58 54 49 62 70 80 159 236 0 220 126 132 115 76 68 69 53 47 40 40 56 59 42 49 41 49 53 49 55 34 33 42 34 39 46 37 36 30 26 28 17 25 25 31 25 25 32 16 26 31 30 45 24 26 24 32 30 26 32 32 30 27 28 23 20 20 22 16 18 17 11 19 20 11 14 24 25 22 29 11 19 22 26 23 24 14 11 24 15 21 19 15 19 23 25 18 15 11 20 21 20 17 15 12 18 20 13 14 20 11 9 11 17 12 7 7 13 11 10 12 18 16
51 65 54 50 58 57 66 80 89 142 151 220 0 273 169 100 84 61 56 57 47 42 65 55 47 47 69 65 50 58 67 60 44 53 61 55 40 55 55 49 37 34 33 29 20 19 35 21 41 35 32 40 36 18 32 40 24 23 21 22 26 34 39 31 34 27 20 24 21 15 25 20 26 17 23 25 21 19 29 19 18 19 18 21 29 17 21 26 19 21 23 21 23 22 16 23 23 21 19 17 25 20 17 13 14 21 13 14 21 16 16 10 18 16 12 12 13 7 11 8 15 8 14 20 12
51 51 50 47 53 60 54 74 84 76 111 126 273 0 234 126 98 69 58 59 63 38 57 68 64 67 71 55 71 84 60 78 62 62 49 53 43 65 38 56 37 31 33 26 30 24 22 22 32 28 39 38 47 44 43 30 29 37 42 28 37 34 27 35 34 22 36 26 20 19 22 27 17 27 19 27 20 16 18 23 26 22 21 26 30 20 30 20 25 11 26 36 27 27 31 21 30 11 19 19 19 25 13 20 17 24 20 16 21 17 19 13 22 12 7 9 21 12 12 14 12 11 13 11 14
65 69 62 38 34 48 53 72 72 55 82 132 169 234 0 250 160 89 89 61 73 51 60 70 51 39 65 67 62 79 82 59 68 49 46 46 39 39 42 38 33 37 29 28 29 23 24 26 24 26 38 21 38 35 42 43 37 33 34 32 28 38 36 35 30 30 24 18 21 22 24 15 16 22 20 21 15 16 24 24 18 19 28 27 28 27 27 22 26 20 31 23 28 22 18 26 25 22 33 21 18 20 23 14 13 23 20 21 15 14 6 14 17 16 11 13 14 6 5 15 14 14 15 24 17
60 61 55 51 48 57 51 44 67 69 81 115 100 126 250 0 255 144 95 83 63 62 59 46 36 41 59 47 58 67 57 77 43 56 50 39 38 41 55 47 44 41 22 22 21 19 22 37 32 33 36 31 46 41 59 32 35 35 36 36 34 38 34 34 30 30 21 27 17 16 25 12 21 14 22 30 23 25 20 14 21 18 25 22 22 24 21 29 28 18 24 31 29 22 19 17 27 18 32 23 25 17 21 20 27 17 20 22 17 14 18 13 13 15 13 11 14 14 18 18 17 8 15 8 13
53 50 58 47 45 41 43 50 48 70 67 76 84 98 160 255 0 241 167 104 86 62 65 60 52 54 57 60 71 59 70 81 55 59 57 41 39 40 33 33 36 32 27 26 18 26 23 16 19 29 35 31 44 45 39 35 42 37 30 28 45 38 36 36 35 26 31 32 22 14 31 18 25 22 26 19 18 20 29 22 28 25 20 25 30 19 27 36 27 34 26 37 34 17 19 22 39 24 20 29 19 25 19 27 19 18 24 19 14 15 22 14 20 10 11 13 17 8 13 13 21 21 13 13 14
49 57 57 50 49 39 63 58 38 64 53 68 61 69 89 144 241 0 248 171 122 87 61 64 53 60 46 46 65 62 61 66 60 50 51 47 33 50 50 36 28 25 28 22 29 34 29 25 22 25 39 34 48 58 50 32 33 38 43 48 48 38 40 44 38 27 25 24 19 27 27 28 23 20 23 33 17 22 27 28 29 25 27 28 31 25 41 29 35 33 30 41 33 32 28 37 25 25 24 21 26 26 22 21 13 12 17 17 21 9 19 13 14 22 13 20 18 15 19 18 13 12 21 20 17
61 59 59 55 53 44 43 52 61 50 47 69 56 58 89 95 167 248 0 290 171 107 83 68 62 77 57 51 68 82 66 57 43 53 46 33 40 35 58 34 25 35 25 35 21 28 34 27 25 32 33 25 55 60 55 32 36 45 33 45 46 54 42 37 39 32 28 29 32 28 26 31 25 19 23 23 15 26 29 32 21 20 25 30 29 27 32 30 42 31 33 34 33 37 22 34 29 27 30 24 23 23 22 23 31 25 15 22 15 8 9 22 8 18 20 15 10 18 14 20 11 9 21 18 13
56 62 53 63 61 40 43 40 49 54 59 53 57 59 61 83 104 171 290 0 245 131 121 96 61 87 51 61 59 71 63 66 53 46 56 39 34 29 35 35 41 40 25 23 22 20 24 24 27 44 27 36 65 85 73 50 45 35 37 48 46 57 57 46 34 32 31 22 29 24 26 32 20 20 25 27 33 23 26 22 28 33 32 36 29 44 23 46 40 31 37 33 30 36 32 23 34 37 32 25 27 18 18 30 24 28 24 17 17 21 14 15 17 19 18 9 15 16 12 20 11 20 22 12 16
48 62 65 68 49 45 50 59 57 65 50 47 47 63 73 63 86 122 171 245 0 278 152 98 72 79 44 59 64 72 56 42 40 28 49 42 34 40 39 35 36 37 24 25 18 25 27 26 27 29 44 33 54 118 66 31 45 42 46 42 51 41 42 29 34 34 35 24 19 29 27 28 26 23 19 21 25 15 21 20 33 36 26 30 46 36 35 36 40 42 38 28 34 36 33 22 28 28 32 29 26 29 23 34 23 19 21 20 20 17 21 14 22 19 20 17 16 9 10 19 15 14 16 12 21
49 56 57 63 69 64 57 56 59 38 44 40 42 38 51 62 62 87 107 131 278 0 313 147 99 93 66 68 60 66 59 49 43 65 47 36 29 54 44 47 34 34 36 24 26 26 25 30 38 26 39 40 64 109 75 49 62 45 34 50 53 53 49 36 32 31 31 27 18 34 23 35 25 22 18 25 19 21 22 39 39 29 31 31 29 35 30 57 35 45 42 45 40 33 35 26 22 28 27 25 24 28 27 22 21 13 21 20 22 15 13 15 13 16 11 17 20 19 13 15 13 13 15 10 29
35 42 48 58 62 72 57 64 59 51 54 40 65 57 60 59 65 61 83 121 152 313 0 245 142 152 114 71 71 74 60 52 55 48 57 34 46 49 38 34 39 42 28 30 18 31 28 42 47 34 41 46 74 102 67 42 42 55 40 42 50 45 43 46 38 36 45 28 20 18 20 33 17 18 20 30 21 29 35 30 34 30 36 32 38 30 23 39 31 44 37 40 41 34 23 34 33 26 26 22 27 31 13 22 17 24 29 19 26 19 12 13 16 13 19 10 16 14 9 15 17 22 20 15 25
42 39 51 57 50 62 63 76 70 59 58 56 55 68 70 46 60 64 68 96 98 147 245 0 253 190 128 79 99 72 51 53 52 47 53 40 38 51 50 57 46 35 29 21 23 26 35 28 44 38 46 66 73 74 60 41 60 51 44 49 50 33 53 30 41 35 28 40 24 17 25 28 30 29 15 35 33 20 28 18 24 36 43 40 46 24 34 48 30 40 43 37 37 31 25 28 25 29 22 13 21 18 19 22 25 23 28 24 27 22 25 12 22 17 14 21 14 13 15 16 14 17 11 18 18
46 44 33 61 50 63 65 55 65 51 35 59 47 64 51 36 52 53 62 61 72 99 142 253 0 300 181 107 80 69 60 51 60 43 60 45 48 54 62 56 67 50 29 30 36 30 43 31 49 36 47 62 85 58 65 49 64 45 52 47 62 46 52 40 40 28 37 34 31 25 33 35 26 26 28 26 30 33 22 26 38 33 42 37 39 25 35 40 27 43 41 38 26 34 35 28 32 27 22 22 34 21 15 24 23 17 33 25 18 24 14 20 13 13 12 23 18 15 12 15 12 15 22 16 11
35 43 43 53 38 40 62 61 57 52 39 42 47 67 39 41 54 60 77 87 79 93 152 190 300 0 226 147 116 73 67 63 47 53 62 51 32 59 67 74 55 45 28 34 25 37 39 40 52 41 65 55 123 72 98 65 90 69 59 63 62 55 48 40 43 33 36 37 28 29 23 25 30 23 31 26 29 28 32 25 46 30 37 34 48 34 38 41 43 33 25 33 34 39 28 32 25 39 24 30 22 27 27 28 25 27 25 15 20 17 19 17 26 14 17 11 9 19 17 16 13 15 24 12 21
26 40 37 44 47 57 54 62 61 59 44 49 69 71 65 59 57 46 57 51 44 66 114 128 181 226 0 221 131 86 77 64 45 67 61 61 52 77 87 119 85 58 48 39 28 39 46 45 41 50 66 62 79 59 79 49 78 49 50 51 61 48 37 38 37 36 36 39 35 30 20 32 28 20 27 26 23 38 37 27 27 36 38 27 33 27 40 39 24 23 29 33 34 22 21 29 28 24 33 22 16 25 18 31 23 29 23 24 18 12 12 22 14 16 16 12 16 15 16 14 17 15 12 13 8
29 50 28 35 36 42 43 55 55 49 47 41 65 55 67 47 60 46 51 61 59 68 71 79 107 147 221 0 196 112 88 65 76 55 72 79 69 111 122 134 70 76 30 29 32 35 39 40 42 47 67 72 71 67 91 59 70 61 62 68 60 52 42 44 37 42 36 36 34 28 33 27 23 29 26 23 24 25 25 34 29 34 28 43 29 44 40 36 33 26 33 30 27 30 19 32 22 25 23 34 24 21 21 21 21 19 21 21 19 24 25 14 8 20 8 13 10 8 16 15 14 18 15 16 18
28 44 41 31 43 34 55 61 47 48 59 49 50 71 62 58 71 65 68 59 64 60 71 99 80 116 131 196 0 206 160 102 89 97 87 90 60 95 94 76 88 63 36 22 32 33 44 37 34 54 58 59 73 54 107 65 72 48 66 67 80 63 54 58 36 33 35 41 38 25 29 21 41 24 36 39 36 25 30 29 37 28 32 33 32 37 37 46 45 24 41 30 35 30 29 41 36 31 30 25 31 17 32 28 24 26 29 16 29 21 16 22 17 10 17 17 11 15 10 14 10 15 23 16 10
34 39 41 29 41 35 48 33 49 48 45 53 58 84 79 67 59 62 82 71 72 66 74 72 69 73 86 112 206 0 229 177 119 115 133 97 74 91 63 66 66 63 40 57 35 30 54 52 48 57 62 56 56 52 80 62 58 53 52 60 71 66 46 54 52 52 44 45 33 36 34 22 28 21 27 27 25 21 30 19 26 20 45 34 38 34 28 24 42 29 38 39 39 36 27 28 44 32 32 22 27 26 27 18 30 27 21 17 14 20 23 20 23 22 7 17 11 15 19 14 18 14 13 20 21
37 30 37 28 32 31 32 47 41 49 38 49 67 60 82 57 70 61 66 63 56 59 60 51 60 67 77 88 160 229 0 257 160 130 144 109 74 99 99 59 73 70 58 51 36 37 48 29 49 36 55 56 62 48 75 45 42 40 52 54 66 63 61 68 57 46 42 31 29 32 38 32 30 33 33 28 41 26 28 25 28 28 29 26 32 24 21 25 40 29 18 36 45 39 29 24 36 33 35 26 28 35 22 21 28 31 28 28 26 18 14 16 18 21 21 16 18 19 16 19 19 12 20 23 16
37 30 47 34 26 35 45 31 37 37 45 55 60 78 59 77 81 66 57 66 42 49 52 53 51 63 64 65 102 177 257 0 240 175 184 118 75 84 60 61 52 59 51 38 30 44 42 39 56 51 43 39 54 34 62 42 56 52 59 59 69 52 51 53 58 39 38 33 31 44 35 39 32 26 31 25 26 29 35 41 34 24 25 40 40 32 29 34 45 31 36 31 38 26 22 40 33 30 38 25 18 30 22 23 22 18 27 26 22 14 23 26 18 8 16 15 21 12 13 18 16 16 12 18 10
30 26 29 39 12 32 30 40 31 42 35 34 44 62 68 43 55 60 43 53 40 43 55 52 60 47 45 76 89 119 160 240 0 306 202 117 73 76 56 55 53 61 51 38 34 49 43 35 52 39 52 34 39 40 52 46 52 53 64 68 65 77 68 63 58 64 53 33 37 34 39 26 36 35 19 36 23 28 25 28 22 39 29 33 30 33 39 40 26 32 29 26 47 45 32 43 31 23 31 27 24 24 29 27 26 18 16 28 25 15 17 19 27 22 27 11 12 21 12 13 16 16 26 18 21
35 28 29 24 18 22 36 32 34 47 36 33 53 62 49 56 59 50 53 46 28 65 48 47 43 53 67 55 97 115 130 175 306 0 288 169 102 76 69 59 70 66 72 53 26 38 62 34 45 49 44 42 48 46 65 57 49 37 64 54 68 54 73 64 76 61 64 53 35 30 41 27 31 28 20 26 38 31 31 36 25 33 26 37 34 32 30 40 30 32 26 34 40 26 33 39 38 44 34 18 24 16 24 25 20 31 18 26 20 21 14 17 20 15 11 12 15 14 21 16 13 16 19 29 18
30 28 32 32 27 34 41 32 38 42 32 42 61 49 46 50 57 51 46 56 49 47 57 53 60 62 61 72 87 133 144 184 202 288 0 248 116 111 87 65 72 76 68 53 45 55 50 55 34 67 41 49 51 42 54 56 48 56 51 52 76 72 68 53 63 74 51 54 37 43 43 40 44 27 28 36 42 29 28 33 30 31 31 37 42 27 23 37 36 30 27 40 30 19 27 38 31 37 28 28 31 22 36 24 22 20 32 27 24 27 20 18 14 15 18 8 12 13 15 11 15 20 12 22 16
27 23 23 26 27 31 35 29 33 49 25 34 55 53 46 39 41 47 33 39 42 36 34 40 45 51 61 79 90 97 109 118 117 169 248 0 256 148 81 81 87 117 78 65 46 53 55 56 58 51 57 48 55 24 52 58 59 55 60 58 57 58 58 46 62 69 55 54 45 25 36 16 25 36 26 27 37 20 26 23 34 27 38 27 39 22 26 34 33 28 27 30 31 38 33 21 34 33 33 26 22 33 27 18 30 20 28 20 21 17 10 24 14 22 11 22 13 11 15 17 11 16 10 19 17
22 23 28 20 27 35 27 32 35 48 25 39 40 43 39 38 39 33 40 34 34 29 46 38 48 32 52 69 60 74 74 75 73 102 116 256 0 257 123 93 124 146 67 56 58 64 64 62 63 57 53 44 42 33 42 53 44 44 46 57 47 52 46 40 45 50 50 32 39 31 39 22 27 33 30 41 26 29 25 25 30 31 32 23 31 37 21 37 24 21 25 28 36 22 36 23 24 27 26 30 15 23 26 23 16 21 15 20 25 22 16 16 16 16 13 16 20 20 26 17 10 25 16 22 16
30 33 23 32 37 21 37 43 45 40 38 46 55 65 39 41 40 50 35 29 40 54 49 51 54 59 77 111 95 91 99 84 76 76 111 148 257 0 255 144 147 140 72 49 53 63 78 63 71 55 57 38 61 30 44 57 55 45 57 50 53 48 39 42 44 40 44 39 37 31 29 25 37 28 26 34 31 15 28 25 28 26 26 32 26 28 26 38 27 30 24 20 30 33 26 35 31 27 27 26 22 13 13 14 20 20 34 21 25 17 16 13 19 9 16 16 14 15 25 13 13 22 18 17 21
35 33 20 25 28 35 33 43 52 44 28 37 55 38 42 55 33 50 58 35 39 44 38 50 62 67 87 122 94 63 99 60 56 69 87 81 123 255 0 251 236 124 53 53 54 61 63 64 73 57 64 48 55 32 45 57 50 48 64 42 35 42 49 38 33 49 57 29 28 25 29 24 35 24 26 36 27 34 28 35 43 34 39 32 46 21 26 35 31 28 25 27 28 28 26 28 30 25 21 33 21 22 20 13 23 33 18 17 20 27 19 14 18 16 19 18 15 6 15 14 16 17 11 18 15
26 20 30 23 35 33 30 47 47 31 34 36 49 56 38 47 33 36 34 35 35 47 34 57 56 74 119 134 76 66 59 61 55 59 65 81 93 144 251 0 285 110 39 43 39 58 63 56 76 56 76 57 60 40 68 70 63 60 57 52 36 34 30 34 28 41 44 33 36 30 27 29 29 24 28 35 32 32 28 32 37 29 28 35 32 26 27 28 26 25 28 23 27 27 24 28 21 14 31 33 19 23 30 23 19 30 27 12 19 13 14 18 15 19 9 14 14 18 17 14 12 8 16 13 12
30 23 37 32 26 42 28 24 31 29 33 30 37 37 33 44 36 28 25 41 36 34 39 46 67 55 85 70 88 66 73 52 53 70 72 87 124 147 236 285 0 183 55 43 60 57 88 76 78 70 78 74 59 34 57 75 62 45 53 51 54 40 34 49 42 53 35 25 30 29 31 30 33 30 31 31 28 30 25 39 32 31 28 30 27 24 17 30 20 23 32 27 30 34 25 24 31 31 33 25 17 26 15 26 26 26 30 28 24 13 12 12 13 12 13 14 14 17 13 15 14 15 18 11 16
25 24 23 16 25 32 30 33 27 25 29 26 34 31 37 41 32 25 35 40 37 34 42 35 50 45 58 76 63 63 70 59 61 66 76 117 146 140 124 110 183 0 131 74 72 63 79 81 75 76 56 54 45 21 43 61 52 47 57 47 62 40 45 40 46 55 50 52 40 42 31 32 44 32 31 27 27 33 30 26 27 26 27 36 29 30 29 31 33 32 31 24 24 24 19 27 29 23 28 35 26 24 19 25 16 18 26 22 12 18 14 19 13 15 14 12 14 16 15 15 14 13 20 17 12
27 23 16 21 18 11 16 19 25 29 33 28 33 33 29 22 27 28 25 25 24 36 28 29 29 28 48 30 36 40 58 51 51 72 68 78 67 72 53 39 55 131 0 201 96 116 102 97 54 57 47 43 39 34 35 51 51 38 59 44 33 47 40 50 41 40 56 54 43 38 40 33 42 46 35 33 37 27 27 24 27 44 26 36 28 21 30 28 27 22 26 26 34 18 25 26 23 34 48 23 23 22 23 14 17 28 23 22 21 13 20 18 26 17 18 17 14 14 13 17 13 18 24 16 11
20 17 21 21 23 21 27 27 28 26 25 17 29 26 28 22 26 22 35 23 25 24 30 21 30 34 39 29 22 57 51 38 38 53 53 65 56 49 53 43 43 74 201 0 151 186 108 83 60 63 46 53 31 26 38 49 33 43 57 46 45 44 37 39 44 57 77 61 68 47 49 39 43 35 45 31 34 45 28 37 26 34 19 27 38 31 26 40 29 33 18 24 31 27 20 25 35 37 39 38 26 24 19 29 20 23 25 29 31 22 18 19 24 19 11 23 23 17 19 21 15 13 18 23 14
10 10 17 24 20 14 30 31 26 21 22 25 20 30 29 21 18 29 21 22 18 26 18 23 36 25 28 32 32 35 36 30 34 26 45 46 58 53 54 39 60 72 96 151 0 263 125 147 99 59 48 52 37 17 28 50 52 39 53 53 38 35 35 43 42 23 48 59 71 49 46 33 51 46 36 45 26 28 35 37 35 28 37 20 18 28 24 24 26 23 21 23 30 24 21 30 24 29 27 19 17 21 18 24 23 24 22 26 28 23 29 10 24 24 11 17 15 15 16 19 13 11 18 11 19
11 19 18 25 24 13 19 25 30 30 22 25 19 24 23 19 26 34 28 20 25 26 31 26 30 37 39 35 33 30 37 44 49 38 55 53 64 63 61 58 57 63 116 186 263 0 202 138 94 74 62 52 39 22 32 46 41 50 55 43 31 41 43 48 65 51 43 63 59 54 39 40 43 48 56 41 37 30 26 33 31 20 17 33 22 26 35 21 37 24 31 26 28 26 23 32 30 29 40 30 24 16 25 26 18 29 21 39 26 19 21 19 15 18 18 18 20 18 18 15 16 19 22 15 13
20 18 18 18 17 27 19 29 20 29 14 31 35 22 24 22 23 29 34 24 27 25 28 35 43 39 46 39 44 54 48 42 43 62 50 55 64 78 63 63 88 79 102 108 125 202 0 274 149 86 71 47 47 31 36 61 56 63 58 68 44 41 42 39 62 39 56 54 58 35 46 51 42 36 43 47 38 28 34 51 35 26 41 33 34 32 31 32 38 29 23 24 30 24 25 28 30 24 34 34 22 22 19 22 24 24 32 29 26 17 22 22 18 19 19 16 15 10 18 15 10 18 22 14 18
19 17 17 25 27 24 28 19 22 30 32 25 21 22 26 37 16 25 27 24 26 30 42 28 31 40 45 40 37 52 29 39 35 34 55 56 62 63 64 56 76 81 97 83 147 138 274 0 210 123 75 69 53 28 50 68 67 57 94 59 31 50 39 62 60 52 72 50 43 55 43 55 51 48 38 50 45 29 36 44 33 44 43 27 32 26 25 28 24 24 39 22 31 30 31 27 39 41 27 39 25 27 37 29 22 26 27 27 27 23 20 21 15 16 16 9 19 18 27 13 16 20 18 22 15
20 20 31 23 22 31 21 26 29 31 27 25 41 32 24 32 19 22 25 27 27 38 47 44 49 52 41 42 34 48 49 56 52 45 34 58 63 71 73 76 78 75 54 60 99 94 149 210 0 253 143 127 62 31 39 135 89 83 110 58 56 46 57 43 62 45 60 59 64 59 37 58 58 64 47 71 53 39 39 50 46 47 48 38 41 53 35 45 31 29 27 27 30 32 24 35 29 24 37 28 21 29 34 21 29 26 32 37 29 26 27 12 18 19 22 18 22 17 19 22 13 23 22 26 10
18 22 20 29 25 28 46 35 31 24 25 32 35 28 26 33 29 25 32 44 29 26 34 38 36 41 50 47 54 57 36 51 39 49 67 51 57 55 57 56 70 76 57 63 59 74 86 123 253 0 249 187 68 37 72 196 109 127 123 84 70 68 38 42 54 73 71 65 64 38 44 44 60 48 55 56 46 44 45 52 62 56 49 52 50 48 35 40 41 42 34 42 44 37 32 36 43 32 42 33 29 41 28 35 32 24 34 31 20 30 19 20 20 13 19 26 21 20 15 10 20 15 17 21 18
20 19 21 25 29 32 33 30 35 25 34 16 32 39 38 36 35 39 33 27 44 39 41 46 47 65 66 67 58 62 55 43 52 44 41 57 53 57 64 76 78 56 47 46 48 62 71 75 143 249 0 334 118 44 73 201 163 152 145 96 64 55 49 38 59 52 56 50 47 43 36 42 52 30 49 53 46 40 56 56 55 55 52 65 53 48 44 45 45 54 35 35 35 28 30 33 29 44 36 36 34 21 32 38 28 34 37 30 30 23 20 23 29 24 17 22 25 15 18 22 19 11 22 18 18
25 22 36 37 29 31 27 40 28 29 32 26 40 38 21 31 31 34 25 36 33 40 46 66 62 55 62 72 59 56 56 39 34 42 49 48 44 38 48 57 74 54 43 53 52 52 47 69 127 187 334 0 133 50 74 260 239 234 138 103 89 50 38 43 46 49 67 51 44 44 44 40 53 45 52 59 52 51 49 58 77 47 72 54 53 50 52 40 53 36 35 31 45 32 21 41 42 38 30 35 32 33 40 28 34 34 40 37 23 24 21 25 28 27 18 14 13 22 19 13 20 16 11 21 14
25 26 34 42 32 39 43 42 41 30 23 31 36 47 38 46 44 48 55 65 54 64 74 73 85 123 79 71 73 56 62 54 39 48 51 55 42 61 55 60 59 45 39 31 37 39 47 53 62 68 118 133 0 105 151 88 169 139 85 94 97 69 53 53 47 42 55 36 28 39 41 44 33 35 27 42 34 40 44 39 41 45 40 56 74 56 42 56 50 44 49 49 46 39 34 42 43 33 24 33 25 28 37 26 32 30 24 17 25 30 23 24 14 27 19 13 18 23 13 22 13 19 18 18 27
38 45 38 50 46 48 30 32 40 49 29 30 18 44 35 41 45 58 60 85 118 109 102 74 58 72 59 67 54 52 48 34 40 46 42 24 33 30 32 40 34 21 34 26 17 22 31 28 31 37 44 50 105 0 104 52 59 58 57 49 65 72 47 43 47 42 36 28 29 30 31 34 28 25 22 32 27 31 27 39 41 30 40 52 58 45 44 58 49 57 67 47 46 52 45 45 44 43 31 29 40 32 38 35 32 25 37 20 15 24 23 20 27 19 15 21 13 13 11 17 16 16 22 20 19
26 42 26 31 43 38 38 48 45 28 40 45 32 43 42 59 39 50 55 73 66 75 67 60 65 98 79 91 107 80 75 62 52 65 54 52 42 44 45 68 57 43 35 38 28 32 36 50 39 72 73 74 151 104 0 78 123 99 115 102 170 107 92 54 60 60 53 36 38 32 51 42 50 19 32 36 28 36 40 44 40 36 47 65 64 56 42 59 56 53 50 62 58 44 44 35 43 34 32 37 28 44 44 32 37 32 41 29 27 23 21 26 22 23 12 16 22 14 16 15 12 20 23 24 20
19 21 25 28 31 35 20 25 33 33 24 24 40 30 43 32 35 32 32 50 31 49 42 41 49 65 49 59 65 62 45 42 46 57 56 58 53 57 57 70 75 61 51 49 50 46 61 68 135 196 201 260 88 52 78 0 176 178 217 134 94 80 66 56 53 52 82 61 50 55 55 56 50 37 51 61 54 56 43 68 60 53 51 58 59 48 42 56 53 34 38 46 45 45 38 30 40 34 35 38 27 28 34 37 32 39 39 42 23 29 23 23 27 17 14 18 28 22 13 20 21 16 16 18 23
24 24 36 25 30 25 34 25 38 40 27 26 24 29 37 35 42 33 36 45 45 62 42 60 64 90 78 70 72 58 42 56 52 49 48 59 44 55 50 63 62 52 51 33 52 41 56 67 89 109 163 239 169 59 123 176 0 351 154 165 134 68 60 53 65 60 67 51 43 48 42 40 54 40 54 47 68 49 51 59 63 52 75 70 78 58 42 75 69 48 42 48 48 31 36 40 37 42 40 38 32 34 40 37 35 37 32 34 22 32 20 21 23 24 17 19 19 26 19 15 23 14 18 19 34
24 31 24 41 20 26 29 24 37 33 24 24 23 37 33 35 37 38 45 35 42 45 55 51 45 69 49 61 48 53 40 52 53 37 56 55 44 45 48 60 45 47 38 43 39 50 63 57 83 127 152 234 139 58 99 178 351 0 157 139 136 76 72 59 61 75 75 48 40 45 47 47 49 45 42 41 51 45 45 68 71 59 48 61 70 63 53 62 50 57 41 53 61 41 34 38 55 44 32 35 30 28 40 33 24 45 37 31 33 34 34 21 33 17 17 21 17 20 12 19 20 22 16 20 17
26 21 23 20 28 20 30 37 21 19 29 32 21 42 34 36 30 43 33 37 46 34 40 44 52 59 50 62 66 52 52 59 64 64 51 60 46 57 64 57 53 57 59 57 53 55 58 94 110 123 145 138 85 57 115 217 154 157 0 245 125 83 72 95 88 81 83 73 61 52 50 66 53 56 46 62 50 48 37 63 51 48 51 61 70 50 64 51 48 68 33 39 57 37 26 41 58 55 43 35 40 37 33 28 32 35 39 31 30 22 26 20 22 28 22 18 24 20 15 22 16 23 27 21 17
31 34 22 27 33 27 27 32 29 27 31 30 22 28 32 36 28 48 45 48 42 50 42 49 47 63 51 68 67 60 54 59 68 54 52 58 57 50 42 52 51 47 44 46 53 43 68 59 58 84 96 103 94 49 102 134 165 139 245 0 249 144 95 105 109 95 105 75 61 55 42 71 62 44 52 56 44 47 46 56 56 54 59 68 80 58 57 66 64 57 45 57 55 40 46 45 47 46 55 47 39 37 39 47 44 34 38 36 24 36 25 24 19 29 17 20 19 14 25 20 18 18 23 27 31
22 25 23 30 26 26 25 26 33 25 24 26 26 37 28 34 45 48 46 46 51 53 50 50 62 62 61 60 80 71 66 69 65 68 76 57 47 53 35 36 54 62 33 45 38 31 44 31 56 70 64 89 97 65 170 94 134 136 125 249 0 207 143 109 98 80 71 54 48 50 59 47 47 33 29 39 53 45 57 56 54 34 60 64 72 39 46 63 75 61 58 74 64 57 43 46 58 65 37 34 53 44 51 43 26 39 37 34 19 25 23 21 17 24 19 20 16 16 23 21 16 19 28 32 25
27 23 33 31 27 26 19 30 27 27 37 32 34 34 38 38 38 38 54 57 41 53 45 33 46 55 48 52 63 66 63 52 77 54 72 58 52 48 42 34 40 40 47 44 35 41 41 50 46 68 55 50 69 72 107 80 68 76 83 144 207 0 317 176 132 102 83 67 49 48 57 50 37 40 28 32 45 43 44 43 51 54 41 54 59 45 49 64 47 65 48 73 99 63 54 65 70 63 53 50 46 30 30 40 42 32 39 41 19 20 29 22 21 20 22 20 23 16 10 23 30 19 22 21 23
19 29 24 28 32 21 17 23 27 22 32 32 39 27 36 34 36 40 42 57 42 49 43 53 52 48 37 42 54 46 61 51 68 73 68 58 46 39 49 30 34 45 40 37 35 43 42 39 57 38 49 38 53 47 92 66 60 72 72 95 143 317 0 276 158 113 83 80 58 58 61 36 46 28 50 37 46 34 45 40 37 42 48 41 62 59 42 57 54 51 51 67 83 48 51 48 64 63 40 40 40 39 42 43 29 36 31 27 27 23 26 22 16 26 16 14 21 25 15 33 19 24 31 24 20
23 24 19 25 25 22 19 26 26 26 26 30 31 35 35 34 36 44 37 46 29 36 46 30 40 40 38 44 58 54 68 53 63 64 53 46 40 42 38 34 49 40 50 39 43 48 39 62 43 42 38 43 53 43 54 56 53 59 95 105 109 176 276 0 267 158 115 86 62 55 83 63 49 27 25 39 49 46 40 49 48 52 40 40 60 38 53 54 60 46 41 55 85 47 56 67 62 93 64 54 38 33 30 35 31 35 39 34 38 27 17 30 25 19 20 21 18 24 38 23 19 25 21 22 28
15 21 24 24 22 12 20 22 16 20 29 27 34 34 30 30 35 38 39 34 34 32 38 41 40 43 37 37 36 52 57 58 58 76 63 62 45 44 33 28 42 46 41 44 42 65 62 60 62 54 59 46 47 47 60 53 65 61 88 109 98 132 158 267 0 249 146 93 78 73 79 67 58 37 36 41 49 51 40 44 52 35 35 44 34 44 41 40 39 46 38 61 68 54 43 51 66 75 62 43 49 39 32 30 27 29 37 29 26 36 25 26 22 31 25 13 16 27 24 21 18 20 23 26 14
21 22 13 24 13 22 22 23 23 21 20 28 27 22 30 30 26 27 32 32 34 31 36 35 28 33 36 42 33 52 46 39 64 61 74 69 50 40 49 41 53 55 40 57 23 51 39 52 45 73 52 49 42 42 60 52 60 75 81 95 80 102 113 158 249 0 253 169 103 91 95 75 64 57 40 59 38 46 37 56 50 35 43 51 36 48 43 49 50 32 42 44 69 51 34 57 70 59 70 43 53 32 40 40 38 28 45 36 23 33 32 27 18 27 29 19 23 22 22 29 21 19 33 24 27
20 20 10 21 17 20 23 35 14 25 25 23 20 36 24 21 31 25 28 31 35 31 45 28 37 36 36 36 35 44 42 38 53 64 51 55 50 44 57 44 35 50 56 77 48 43 56 72 60 71 56 67 55 36 53 82 67 75 83 105 71 83 83 115 146 253 0 259 109 96 100 102 80 56 47 56 66 70 59 61 54 30 50 42 43 39 43 45 33 47 43 39 50 37 38 61 54 58 46 49 55 30 42 45 39 32 54 39 30 34 22 24 28 22 30 25 31 25 25 14 31 20 23 30 23
12 19 16 19 16 21 10 26 26 16 20 20 24 26 18 27 32 24 29 22 24 27 28 40 34 37 39 36 41 45 31 33 33 53 54 54 32 39 29 33 25 52 54 61 59 63 54 50 59 65 50 51 36 28 36 61 51 48 73 75 54 67 80 86 93 169 259 0 195 122 143 125 77 67 61 46 60 39 39 53 62 53 41 38 46 43 33 42 42 38 47 50 54 38 30 41 47 65 62 51 42 43 34 31 33 40 47 34 43 40 23 32 33 24 17 17 25 26 22 20 22 15 31 26 29
16 15 19 22 17 11 15 17 15 11 16 20 21 20 21 17 22 19 32 29 19 18 20 24 31 28 35 34 38 33 29 31 37 35 37 45 39 37 28 36 30 40 43 68 71 59 58 43 64 64 47 44 28 29 38 50 43 40 61 61 48 49 58 62 78 103 109 195 0 225 153 161 112 74 55 69 77 47 53 58 39 48 42 27 43 45 43 40 46 39 25 42 46 32 45 27 60 57 53 59 43 41 42 26 37 42 48 54 41 42 41 30 30 14 31 21 29 32 22 29 22 32 27 24 31
20 17 17 19 16 16 16 13 16 24 30 22 15 19 22 16 14 27 28 24 29 34 18 17 25 29 30 28 25 36 32 44 34 30 43 25 31 31 25 30 29 42 38 47 49 54 35 55 59 38 43 44 39 30 32 55 48 45 52 55 50 48 58 55 73 91 96 122 225 0 372 172 109 63 73 66 78 70 46 60 39 53 33 39 40 34 36 29 48 41 39 42 61 41 45 69 69 78 92 69 76 50 42 52 48 41 59 60 46 42 50 32 35 25 18 32 32 25 32 23 28 27 35 32 33
11 13 13 22 20 16 19 12 20 14 21 16 25 22 24 25 31 27 26 26 27 23 20 25 33 23 20 33 29 34 38 35 39 41 43 36 39 29 29 27 31 31 40 49 46 39 46 43 37 44 36 44 41 31 51 55 42 47 50 42 59 57 61 83 79 95 100 143 153 372 0 227 119 63 50 76 82 77 59 59 45 52 51 38 48 46 38 51 53 39 44 45 66 58 51 57 71 80 120 84 69 53 46 41 49 45 66 57 43 59 39 45 26 25 28 28 32 22 23 27 16 29 40 32 17
16 12 16 20 24 13 19 20 25 29 15 18 20 27 15 12 18 28 31 32 28 35 33 28 35 25 32 27 21 22 32 39 26 27 40 16 22 25 24 29 30 32 33 39 33 40 51 55 58 44 42 40 44 34 42 56 40 47 66 71 47 50 36 63 67 75 102 125 161 172 227 0 222 92 82 92 95 97 83 72 66 70 48 55 47 44 43 44 54 42 41 29 49 42 47 54 55 69 74 69 53 39 35 51 45 53 62 76 57 44 37 33 31 29 30 32 22 26 30 30 18 31 31 26 31
18 19 15 17 12 17 17 21 22 20 13 17 26 17 16 21 25 23 25 20 26 25 17 30 26 30 28 23 41 28 30 32 36 31 44 25 27 37 35 29 33 44 42 43 51 43 42 51 58 60 52 53 33 28 50 50 54 49 53 62 47 37 46 49 58 64 80 77 112 109 119 222 0 165 142 168 140 107 88 83 74 74 50 42 33 47 54 56 45 48 37 36 43 37 22 63 57 58 68 44 47 56 51 42 43 47 55 53 60 53 38 36 30 26 25 43 22 28 30 21 21 18 24 30 27
12 13 13 13 16 22 15 22 21 16 21 11 17 27 22 14 22 20 19 20 23 22 18 29 26 23 20 29 24 21 33 26 35 28 27 36 33 28 24 24 30 32 46 35 46 48 36 48 64 48 30 45 35 25 19 37 40 45 56 44 33 40 28 27 37 57 56 67 74 63 63 92 165 0 252 124 97 67 55 70 58 55 46 41 49 41 36 37 35 33 34 29 25 36 29 43 45 50 36 42 43 38 39 36 35 47 53 51 61 48 53 28 29 30 30 33 23 25 23 23 24 35 29 35 24
18 16 23 23 17 19 25 24 15 22 18 19 23 19 20 22 26 23 23 25 19 18 20 15 28 31 27 26 36 27 33 31 19 20 28 26 30 26 26 28 31 31 35 45 36 56 43 38 47 55 49 52 27 22 32 51 54 42 46 52 29 28 50 25 36 40 47 61 55 73 50 82 142 252 0 143 79 84 71 76 64 49 34 41 60 40 27 35 36 30 28 31 39 28 32 27 28 28 26 36 24 29 40 30 36 38 61 46 48 44 45 41 34 32 23 31 34 22 20 30 21 20 26 27 22
15 16 14 11 21 24 27 26 22 15 18 20 25 27 21 30 19 33 23 27 21 25 30 35 26 26 26 23 39 27 28 25 36 26 36 27 41 34 36 35 31 27 33 31 45 41 47 50 71 56 53 59 42 32 36 61 47 41 62 56 39 32 37 39 41 59 56 46 69 66 76 92 168 124 143 0 227 114 124 134 113 74 73 56 60 56 54 40 50 34 32 38 43 39 39 41 53 47 50 63 48 47 43 44 41 56 71 61 36 59 42 34 41 23 26 25 33 28 16 34 34 17 25 33 25
10 19 20 16 12 17 13 14 20 15 12 11 21 20 15 23 18 17 15 33 25 19 21 33 30 29 23 24 36 25 41 26 23 38 42 37 26 31 27 32 28 27 37 34 26 37 38 45 53 46 46 52 34 27 28 54 68 51 50 44 53 45 46 49 49 38 66 60 77 78 82 95 140 97 79 227 0 229 189 142 111 86 76 65 61 65 54 45 43 34 39 47 50 48 42 39 52 66 56 68 63 49 57 53 66 84 82 72 51 55 46 38 46 32 31 26 38 27 37 29 32 27 30 37 23
11 22 23 25 20 18 20 15 19 18 20 14 19 16 16 25 20 22 26 23 15 21 29 20 33 28 38 25 25 21 26 29 28 31 29 20 29 15 34 32 30 33 27 45 28 30 28 29 39 44 40 51 40 31 36 56 49 45 48 47 45 43 34 46 51 46 70 39 47 70 77 97 107 67 84 114 229 0 280 143 126 114 103 70 67 80 68 67 67 60 52 51 49 48 49 55 47 61 61 77 54 64 61 63 73 102 101 68 67 52 57 50 41 38 35 31 20 29 35 22 26 34 34 31 37
15 20 10 25 17 13 13 30 18 11 22 24 29 18 24 20 29 27 29 26 21 22 35 28 22 32 37 25 30 30 28 35 25 31 28 26 25 28 28 28 25 30 27 28 35 26 34 36 39 45 56 49 44 27 40 43 51 45 37 46 57 44 45 40 40 37 59 39 53 46 59 83 88 55 71 124 189 280 0 239 187 174 133 86 73 83 84 67 61 50 50 46 50 38 59 43 55 57 37 63 44 58 70 62 73 89 88 53 43 54 47 45 36 38 38 29 34 24 30 34 14 27 21 37 31
13 14 19 16 25 17 25 22 16 16 20 25 19 23 24 14 22 28 32 22 20 39 30 18 26 25 27 34 29 19 25 41 28 36 33 23 25 25 35 32 39 26 24 37 37 33 51 44 50 52 56 58 39 39 44 68 59 68 63 56 56 43 40 49 44 56 61 53 58 60 59 72 83 70 76 134 142 143 239 0 253 192 121 80 82 87 63 56 45 60 40 44 49 33 34 48 47 42 41 58 52 44 45 52 54 53 54 35 37 49 41 38 26 20 23 24 37 23 26 32 18 25 25 25 24
21 20 15 19 21 19 24 19 16 30 35 22 18 26 18 21 28 29 21 28 33 39 34 24 38 46 27 29 37 26 28 34 22 25 30 34 30 28 43 37 32 27 27 26 35 31 35 33 46 62 55 77 41 41 40 60 63 71 51 56 54 51 37 48 52 50 54 62 39 39 45 66 74 58 64 113 111 126 187 253 0 271 181 143 100 107 72 91 70 69 41 53 52 48 34 36 50 48 48 38 47 50 47 45 54 58 65 50 34 37 35 27 32 28 32 30 39 21 23 21 25 31 19 36 29
19 16 16 30 30 13 23 28 20 20 26 29 19 22 19 18 25 25 20 33 36 29 30 36 33 30 36 34 28 20 28 24 39 33 31 27 31 26 34 29 31 26 44 34 28 20 26 44 47 56 55 47 45 30 36 53 52 59 48 54 34 54 42 52 35 35 30 53 48 53 52 70 74 55 49 74 86 114 174 192 271 0 247 150 116 118 101 79 79 59 65 50 44 46 56 56 47 34 52 41 37 52 55 69 59 79 65 47 38 49 37 36 28 35 24 29 22 30 22 26 21 14 29 35 24
15 14 29 22 29 21 21 29 25 15 22 11 18 21 28 25 20 27 25 32 26 31 36 43 42 37 38 28 32 45 29 25 29 26 31 38 32 26 39 28 28 27 26 19 37 17 41 43 48 49 52 72 40 40 47 51 75 48 51 59 60 41 48 40 35 43 50 41 42 33 51 48 50 46 34 73 76 103 133 121 181 247 0 249 171 157 122 84 76 61 57 66 41 51 55 33 40 44 49 43 57 55 57 59 82 58 62 40 45 31 43 32 41 30 27 26 23 30 28 35 27 16 29 28 35
21 18 22 33 23 24 24 28 26 20 19 19 21 26 27 22 25 28 30 36 30 31 32 40 37 34 27 43 33 34 26 40 33 37 37 27 23 32 32 35 30 36 36 27 20 33 33 27 38 52 65 54 56 52 65 58 70 61 61 68 64 54 41 40 44 51 42 38 27 39 38 55 42 41 41 56 65 70 86 80 143 150 249 0 294 193 169 119 118 87 82 59 55 53 65 57 40 57 37 40 38 41 57 61 63 54 46 35 22 22 41 31 34 29 34 19 20 24 14 29 22 27 28 39 27
25 32 23 25 20 24 32 32 29 23 26 22 29 30 28 22 30 31 29 29 46 29 38 46 39 48 33 29 32 38 32 40 30 34 42 39 31 26 46 32 27 29 28 38 18 22 34 32 41 50 53 53 74 58 64 59 78 70 70 80 72 59 62 60 34 36 43 46 43 40 48 47 33 49 60 60 61 67 73 82 100 116 171 294 0 216 165 173 135 113 99 63 67 56 58 63 58 54 48 58 51 64 65 55 64 42 57 27 38 29 25 47 32 28 32 23 28 18 17 26 28 19 17 22 33
19 18 14 31 27 22 26 21 19 22 15 26 17 20 27 24 19 25 27 44 36 35 30 24 25 34 27 44 37 34 24 32 33 32 27 22 37 28 21 26 24 30 21 31 28 26 32 26 53 48 48 50 56 45 56 48 58 63 50 58 39 45 59 38 44 48 39 43 45 34 46 44 47 41 40 56 65 80 83 87 107 118 157 193 216 0 288 192 138 114 110 72 68 48 57 65 53 50 53 57 67 58 65 82 64 76 50 36 37 37 47 43 44 31 22 30 28 21 21 23 17 41 28 29 35
21 19 14 16 26 26 13 16 17 21 9 23 21 30 27 21 27 41 32 23 35 30 23 34 35 38 40 40 37 28 21 29 39 30 23 26 21 26 26 27 17 29 30 26 24 35 31 25 35 35 44 52 42 44 42 42 42 53 64 57 46 49 42 53 41 43 43 33 43 36 38 43 54 36 27 54 54 68 84 63 72 101 122 169 165 288 0 191 172 124 96 77 72 73 69 45 51 45 60 47 48 65 76 95 63 78 51 49 27 41 29 30 44 35 23 28 21 24 24 30 34 21 26 37 31
23 28 22 26 28 25 28 18 28 21 23 24 26 20 22 29 36 29 30 46 36 57 39 48 40 41 39 36 46 24 25 34 40 40 37 34 37 38 35 28 30 31 28 40 24 21 32 28 45 40 45 40 56 58 59 56 75 62 51 66 63 64 57 54 40 49 45 42 40 29 51 44 56 37 35 40 45 67 67 56 91 79 84 119 173 192 191 0 270 189 177 102 77 71 69 75 56 45 52 45 67 52 68 53 64 57 54 41 28 38 28 23 25 26 32 27 15 19 28 15 25 16 27 40 23
20 27 25 29 29 19 20 18 25 23 24 14 19 25 26 28 27 35 42 40 40 35 31 30 27 43 24 33 45 42 40 45 26 30 36 33 24 27 31 26 20 33 27 29 26 37 38 24 31 41 45 53 50 49 56 53 69 50 48 64 75 47 54 60 39 50 33 42 46 48 53 54 45 35 36 50 43 67 61 45 70 79 76 118 135 138 172 270 0 229 208 151 119 98 79 85 76 46 66 54 61 63 63 60 49 62 61 35 38 37 23 30 33 25 23 15 37 20 20 34 24 39 29 39 26
23 34 29 23 22 29 28 22 20 19 20 11 21 11 20 18 34 33 31 31 42 45 44 40 43 33 23 26 24 29 29 31 32 32 30 28 21 30 28 25 23 32 22 33 23 24 29 24 29 42 54 36 44 57 53 34 48 57 68 57 61 65 51 46 46 32 47 38 39 41 39 42 48 33 30 34 34 60 50 60 69 59 61 87 113 114 124 189 229 0 230 168 118 97 87 76 68 62 44 55 53 70 90 57 67 56 48 40 31 31 25 31 35 31 23 22 26 24 27 15 32 28 33 31 41
19 29 27 21 36 25 15 22 33 18 18 24 23 26 31 24 26 30 33 37 38 42 37 43 41 25 29 33 41 38 18 36 29 26 27 27 25 24 25 28 32 31 26 18 21 31 23 39 27 34 35 35 49 67 50 38 42 41 33 45 58 48 51 41 38 42 43 47 25 39 44 41 37 34 28 32 39 52 50 40 41 65 57 82 99 110 96 177 208 230 0 289 111 136 97 95 90 52 62 57 64 78 96 89 53 54 41 41 34 30 24 33 37 35 24 19 29 21 26 22 17 23 29 37 35
12 27 26 29 22 22 21 14 20 25 14 15 21 36 23 31 37 41 34 33 28 45 40 37 38 33 33 30 30 39 36 31 26 34 40 30 28 20 27 23 27 24 26 24 23 26 24 22 27 42 35 31 49 47 62 46 48 53 39 57 74 73 67 55 61 44 39 50 42 42 45 29 36 29 31 38 47 51 46 44 53 50 66 59 63 72 77 102 151 168 289 0 171 202 141 108 110 74 51 59 73 66 95 70 51 56 48 48 32 32 28 21 38 24 25 30 24 24 30 22 27 23 28 32 30
27 25 26 17 22 18 30 18 17 25 23 21 23 27 28 29 34 33 33 30 34 40 41 37 26 34 34 27 35 39 45 38 47 40 30 31 36 30 28 27 30 24 34 31 30 28 30 31 30 44 35 45 46 46 58 45 48 61 57 55 64 99 83 85 68 69 50 54 46 61 66 49 43 25 39 43 50 49 50 49 52 44 41 55 67 68 72 77 119 118 111 171 0 260 109 136 139 76 83 56 63 61 63 71 45 64 46 35 39 39 26 26 22 23 21 25 26 19 23 15 17 21 26 37 32
21 21 18 23 9 20 19 14 20 23 27 19 22 27 22 22 17 32 37 36 36 33 34 31 34 39 22 30 30 36 39 26 45 26 19 38 22 33 28 27 34 24 18 27 24 26 24 30 32 37 28 32 39 52 44 45 31 41 37 40 57 63 48 47 54 51 37 38 32 41 58 42 37 36 28 39 48 48 38 33 48 46 51 53 56 48 73 71 98 97 136 202 260 0 252 160 124 98 67 63 81 75 77 67 55 43 36 29 43 43 27 25 29 33 17 19 20 21 24 25 27 34 36 29 27
19 26 23 23 19 16 27 15 18 12 18 15 16 31 18 19 19 28 22 32 33 35 23 25 35 28 21 19 29 27 29 22 32 33 27 33 36 26 26 24 25 19 25 20 21 23 25 31 24 32 30 21 34 45 44 38 36 34 26 46 43 54 51 56 43 34 38 30 45 45 51 47 22 29 32 39 42 49 59 34 34 56 55 65 58 57 69 69 79 87 97 141 109 252 0 238 126 109 100 82 114 144 111 91 63 75 53 42 33 32 33 38 28 24 31 29 22 25 22 32 33 30 31 41 44
18 20 18 20 22 23 24 18 22 23 12 19 23 21 26 17 22 37 34 23 22 26 34 28 28 32 29 32 41 28 24 40 43 39 38 21 23 35 28 28 24 27 26 25 30 32 28 27 35 36 33 41 42 45 35 30 40 38 41 45 46 65 48 67 51 57 61 41 27 69 57 54 63 43 27 41 39 55 43 48 36 56 33 57 63 65 45 75 85 76 95 108 136 160 238 0 297 151 131 87 119 118 87 55 50 52 48 35 42 39 27 39 31 38 25 27 22 31 30 34 25 25 30 35 33
24 21 15 26 26 24 26 20 25 13 16 23 23 30 25 27 39 25 29 34 28 22 33 25 32 25 28 22 36 44 36 33 31 38 31 34 24 31 30 21 31 29 23 35 24 30 30 39 29 43 29 42 43 44 43 40 37 55 58 47 58 70 64 62 66 70 54 47 60 69 71 55 57 45 28 53 52 47 55 47 50 47 40 40 58 53 51 56 76 68 90 110 139 124 126 297 0 317 147 113 107 87 82 56 54 51 52 57 40 30 40 28 25 32 33 27 29 25 32 26 33 35 41 40 30
17 16 24 18 14 23 22 22 16 24 14 25 21 11 22 18 24 25 27 37 28 28 26 29 27 39 24 25 31 32 33 30 23 44 37 33 27 27 25 14 31 23 34 37 29 29 24 41 24 32 44 38 33 43 34 34 42 44 55 46 65 63 63 93 75 59 58 65 57 78 80 69 58 50 28 47 66 61 57 42 48 34 44 57 54 50 45 45 46 62 52 74 76 98 109 151 317 0 289 158 104 86 75 48 66 58 59 52 53 49 26 29 32 21 38 24 18 22 33 23 38 35 25 43 44
14 12 16 20 21 16 21 21 30 17 16 18 19 19 33 32 20 24 30 32 32 27 26 22 22 24 33 23 30 32 35 38 31 34 28 33 26 27 21 31 33 28 48 39 27 40 34 27 37 42 36 30 24 31 32 35 40 32 43 55 37 53 40 64 62 70 46 62 53 92 120 74 68 36 26 50 56 61 37 41 48 52 49 37 48 53 60 52 66 44 62 51 83 67 100 131 147 289 0 303 167 99 91 66 61 63 77 68 55 47 44 31 41 24 27 32 17 36 20 22 40 31 41 47 40
14 16 19 25 20 14 15 11 19 13 19 15 17 19 21 23 29 21 24 25 29 25 22 13 22 30 22 34 25 22 26 25 27 18 28 26 30 26 33 33 25 35 23 38 19 30 34 39 28 33 36 35 33 29 37 38 38 35 35 47 34 50 40 54 43 43 49 51 59 69 84 69 44 42 36 63 68 77 63 58 38 41 43 40 58 57 47 45 54 55 57 59 56 63 82 87 113 158 303 0 256 111 96 74 77 79 91 61 65 54 40 52 36 51 29 22 51 30 26 35 32 36 41 56 53
14 16 17 26 28 15 11 27 27 17 16 11 25 19 18 25 19 26 23 27 26 24 27 21 34 22 16 24 31 27 28 18 24 24 31 22 15 22 21 19 17 26 23 26 17 24 22 25 21 29 34 32 25 40 28 27 32 30 40 39 53 46 40 38 49 53 55 42 43 76 69 53 47 43 24 48 63 54 44 52 47 37 57 38 51 67 48 67 61 53 64 73 63 81 114 119 107 104 167 256 0 210 154 76 68 80 80 70 50 48 52 40 50 36 38 35 37 31 38 45 34 44 59 62 52
11 15 15 16 29 18 19 13 12 20 11 20 20 25 20 17 25 26 23 18 29 28 31 18 21 27 25 21 17 26 35 30 24 16 22 33 23 13 22 23 26 24 22 24 21 16 22 27 29 41 21 33 28 32 44 28 34 28 37 37 44 30 39 33 39 32 30 43 41 50 53 39 56 38 29 47 49 64 58 44 50 52 55 41 64 58 65 52 63 70 78 66 61 75 144 118 87 86 99 111 210 0 236 139 118 100 82 57 48 55 22 56 43 51 36 32 36 34 34 42 41 50 65 68 37
10 23 13 21 18 18 15 16 16 23 15 21 17 13 23 21 19 22 22 18 23 27 13 19 15 27 18 21 32 27 22 22 29 24 36 27 26 13 20 30 15 19 23 19 18 25 19 37 34 28 32 40 37 38 44 34 40 40 33 39 51 30 42 30 32 40 42 34 42 42 46 35 51 39 40 43 57 61 70 45 47 55 57 57 65 65 76 68 63 90 96 95 63 77 111 87 82 75 91 96 154 236 0 273 170 110 86 56 34 40 62 57 45 41 36 25 34 29 24 39 42 46 56 57 62
11 16 15 26 19 16 8 14 22 11 19 20 13 20 14 20 27 21 23 30 34 22 22 22 24 28 31 21 28 18 21 23 27 25 24 18 23 14 13 23 26 25 14 29 24 26 22 29 21 35 38 28 26 35 32 37 37 33 28 47 43 40 43 35 30 40 45 31 26 52 41 51 42 36 30 44 53 63 62 52 45 69 59 61 55 82 95 53 60 57 89 70 71 67 91 55 56 48 66 74 76 139 273 0 254 139 53 56 50 60 61 60 43 41 34 41 37 36 42 36 31 51 51 58 58
15 15 21 24 16 23 15 10 20 21 16 17 14 17 13 27 19 13 31 24 23 21 17 25 23 25 23 21 24 30 28 22 26 20 22 30 16 20 23 19 26 16 17 20 23 18 24 22 29 32 28 34 32 32 37 32 35 24 32 44 26 42 29 31 27 38 39 33 37 48 49 45 43 35 36 41 66 73 73 54 54 59 82 63 64 64 63 64 49 67 53 51 45 55 63 50 54 66 61 77 68 118 170 254 0 251 109 73 48 63 64 71 68 44 40 31 37 44 30 30 43 47 43 66 44
25 14 14 16 11 16 13 16 16 14 21 15 21 24 23 17 18 12 25 28 19 13 24 23 17 27 29 19 26 27 31 18 18 31 20 20 21 20 33 30 26 18 28 23 24 29 24 26 26 24 34 34 30 25 32 39 37 45 35 34 39 32 36 35 29 28 32 40 42 41 45 53 47 47 38 56 84 102 89 53 58 79 58 54 42 76 78 57 62 56 54 56 64 43 75 52 51 58 63 79 80 100 110 139 251 0 197 77 72 71 67 62 53 55 46 34 40 29 38 28 32 42 49 56 42
18 11 20 14 14 18 20 18 16 19 16 12 13 20 20 20 24 17 15 24 21 21 29 28 33 25 23 21 29 21 28 27 16 18 32 28 15 34 18 27 30 26 23 25 22 21 32 27 32 34 37 40 24 37 41 39 32 37 39 38 37 39 31 39 37 45 54 47 48 59 66 62 55 53 61 71 82 101 88 54 65 65 62 46 57 50 51 54 61 48 41 48 46 36 53 48 52 59 77 91 80 82 86 53 109 197 0 172 97 106 83 71 55 55 35 38 39 37 43 55 30 39 40 61 50
11 13 8 16 13 12 15 14 15 16 8 18 14 16 21 22 19 17 22 17 20 20 19 24 25 15 24 21 16 17 28 26 28 26 27 20 20 21 17 12 28 22 22 29 26 39 29 27 37 31 30 37 17 20 29 42 34 31 31 36 34 41 27 34 29 36 39 34 54 60 57 76 53 51 46 61 72 68 53 35 50 47 40 35 27 36 49 41 35 40 41 48 35 29 42 35 57 52 68 61 70 57 56 56 73 77 172 0 211 137 81 72 40 57 41 39 42 34 44 31 30 50 47 50 51
15 11 8 13 19 18 16 14 20 13 9 20 21 21 15 17 14 21 15 17 20 22 26 27 18 20 18 19 29 14 26 22 25 20 24 21 25 25 20 19 24 12 21 31 28 26 26 27 29 20 30 23 25 15 27 23 22 33 30 24 19 19 27 38 26 23 30 43 41 46 43 57 60 61 48 36 51 67 43 37 34 38 45 22 38 37 27 28 38 31 34 32 39 43 33 42 40 53 55 65 50 48 34 50 48 72 97 211 0 224 115 70 46 45 50 43 62 71 61 56 43 42 40 58 58
3 14 9 23 9 15 15 13 18 14 19 13 16 17 14 14 15 9 8 21 17 15 19 22 24 17 12 24 21 20 18 14 15 21 27 17 22 17 27 13 13 18 13 22 23 19 17 23 26 30 23 24 30 24 23 29 32 34 22 36 25 20 23 27 36 33 34 40 42 42 59 44 53 48 44 59 55 52 54 49 37 49 31 22 29 37 41 38 37 31 30 32 39 43 32 39 30 49 47 54 48 55 40 60 63 71 106 137 224 0 199 103 69 68 58 49 69 63 43 47 42 45 42 53 52
10 16 9 23 16 15 15 14 16 11 11 14 16 19 6 18 22 19 9 14 21 13 12 25 14 19 12 25 16 23 14 23 17 14 20 10 16 16 19 14 12 14 20 18 29 21 22 20 27 19 20 21 23 23 21 23 20 34 26 25 23 29 26 17 25 32 22 23 41 50 39 37 38 53 45 42 46 57 47 41 35 37 43 41 25 47 29 28 23 25 24 28 26 27 33 27 40 26 44 40 52 22 62 61 64 67 83 81 115 199 0 195 90 74 75 73 85 55 58 63 45 46 62 45 41
15 13 8 17 11 7 8 11 17 18 16 20 10 13 14 13 14 13 22 15 14 15 13 12 20 17 22 14 22 20 16 26 19 17 18 24 16 13 14 18 12 19 18 19 10 19 22 21 12 20 23 25 24 20 26 23 21 21 20 24 21 22 22 30 26 27 24 32 30 32 45 33 36 28 41 34 38 50 45 38 27 36 32 31 47 43 30 23 30 31 33 21 26 25 38 39 28 29 31 52 40 56 57 60 71 62 71 72 70 103 195 0 190 114 89 86 83 56 63 53 58 48 67 50 39
15 10 11 14 17 11 11 10 16 18 12 11 18 22 17 13 20 14 8 17 22 13 16 22 13 26 14 8 17 23 18 18 27 20 14 14 16 19 18 15 13 13 26 24 24 15 18 15 18 20 29 28 14 27 22 27 23 33 22 19 17 21 16 25 22 18 28 33 30 35 26 31 30 29 34 41 46 41 36 26 32 28 41 34 32 44 44 25 33 35 37 38 22 29 28 31 25 32 41 36 50 43 45 43 68 53 55 40 46 69 90 190 0 184 127 80 71 42 54 44 53 62 75 52 56
11 13 10 12 8 10 15 11 16 11 11 9 16 12 16 15 10 22 18 19 19 16 13 17 13 14 16 20 10 22 21 8 22 15 15 22 16 9 16 19 12 15 17 19 24 18 19 16 19 13 24 27 27 19 23 17 24 17 28 29 24 20 26 19 31 27 22 24 14 25 25 29 26 30 32 23 32 38 38 20 28 35 30 29 28 31 35 26 25 31 35 24 23 33 24 38 32 21 24 51 36 51 41 41 44 55 55 57 45 68 74 114 184 0 189 113 79 63 72 79 82 89 77 61 63
11 13 12 14 14 8 9 6 16 7 12 11 12 7 11 13 11 13 20 18 20 11 19 14 12 17 16 8 17 7 21 16 27 11 18 11 13 16 19 9 13 14 18 11 11 18 19 16 22 19 17 18 19 15 12 14 17 17 22 17 19 22 16 20 25 29 30 17 31 18 28 30 25 30 23 26 31 35 38 23 32 24 27 34 32 22 23 32 23 23 24 25 21 17 31 25 33 38 27 29 38 36 36 34 40 46 35 41 50 58 75 89 127 189 0 201 105 79 69 51 71 82 65 62 45
6 13 15 15 18 11 7 14 7 12 9 17 12 9 13 11 13 20 15 9 17 17 10 21 23 11 12 13 17 17 16 15 11 12 8 22 16 16 18 14 14 12 17 23 17 18 16 9 18 26 22 14 13 21 16 18 19 21 18 20 20 20 14 21 13 19 25 17 21 32 28 32 43 33 31 25 26 31 29 24 30 29 26 19 23 30 28 27 15 22 19 30 25 19 29 27 27 24 32 22 35 32 25 41 31 34 38 39 43 49 73 86 80 113 201 0 201 101 90 66 76 67 55 46 53
12 10 9 9 17 11 14 14 7 20 7 12 13 21 14 14 17 18 10 15 16 20 16 14 18 9 16 10 11 11 18 21 12 15 12 13 20 14 15 14 14 14 14 23 15 20 15 19 22 21 25 13 18 13 22 28 19 17 24 19 16 23 21 18 16 23 31 25 29 32 32 22 22 23 34 33 38 20 34 37 39 22 23 20 28 28 21 15 37 26 29 24 26 20 22 22 29 18 17 51 37 36 34 37 37 40 39 42 62 69 85 83 71 79 105 201 0 195 109 74 63 50 56 47 46
8 9 9 15 6 12 9 12 7 17 13 7 7 12 6 14 8 15 18 16 9 19 14 13 15 19 15 8 15 15 19 12 21 14 13 11 20 15 6 18 17 16 14 17 15 18 10 18 17 20 15 22 23 13 14 22 26 20 20 14 16 16 25 24 27 22 25 26 32 25 22 26 28 25 22 28 27 29 24 23 21 30 30 24 18 21 24 19 20 24 21 24 19 21 25 31 25 22 36 30 31 34 29 36 44 29 37 34 71 63 55 56 42 63 79 101 195 0 201 115 65 56 37 57 70
13 6 13 12 10 6 13 10 12 6 8 7 11 12 5 18 13 19 14 12 10 13 9 15 12 17 16 16 10 19 16 13 12 21 15 15 26 25 15 17 13 15 13 19 16 18 18 27 19 15 18 19 13 11 16 13 19 12 15 25 23 10 15 38 24 22 25 22 22 32 23 30 30 23 20 16 37 35 30 26 23 22 28 14 17 21 24 28 20 27 26 30 23 24 22 30 32 33 20 26 38 34 24 42 30 38 43 44 61 43 58 63 54 72 69 90 109 201 0 175 92 66 62 65 83
19 13 14 13 9 14 9 15 3 6 16 13 8 14 15 18 13 18 20 20 19 15 15 16 15 16 14 15 14 14 19 18 13 16 11 17 17 13 14 14 15 15 17 21 19 15 15 13 22 10 22 13 22 17 15 20 15 19 22 20 21 23 33 23 21 29 14 20 29 23 27 30 21 23 30 34 29 22 34 32 21 26 35 29 26 23 30 15 34 15 22 22 15 25 32 34 26 23 22 35 45 42 39 36 30 28 55 31 56 47 63 53 44 79 51 66 74 115 175 0 152 83 75 75 120
12 9 14 13 10 12 9 15 6 11 8 11 15 12 14 17 21 13 11 11 15 13 17 14 12 13 17 14 10 18 19 16 16 13 15 11 10 13 16 12 14 14 13 15 13 16 10 16 13 20 19 20 13 16 12 21 23 20 16 18 16 30 19 19 18 21 31 22 22 28 16 18 21 24 21 34 32 26 14 18 25 21 27 22 28 17 34 25 24 32 17 27 17 27 33 25 33 38 40 32 34 41 42 31 43 32 30 30 43 42 45 58 53 82 71 76 63 65 92 152 0 170 122 68 79
15 15 15 18 11 10 10 14 13 9 14 10 8 11 14 8 21 12 9 20 14 13 22 17 15 15 15 18 15 14 12 16 16 16 20 16 25 22 17 8 15 13 18 13 11 19 18 20 23 15 11 16 19 16 20 16 14 22 23 18 19 19 24 25 20 19 20 15 32 27 29 31 18 35 20 17 27 34 27 25 31 14 16 27 19 41 21 16 39 28 23 23 21 34 30 25 35 35 31 36 44 50 46 51 47 42 39 50 42 45 46 48 62 89 82 67 50 56 66 83 170 0 226 93 82
7 13 8 13 11 15 14 11 15 10 10 12 14 13 15 15 13 21 21 22 16 15 20 11 22 24 12 15 23 13 20 12 26 19 12 10 16 18 11 16 18 20 24 18 18 22 22 18 22 17 22 11 18 22 23 16 18 16 27 23 28 22 31 21 23 33 23 31 27 35 40 31 24 29 26 25 30 34 21 25 19 29 29 28 17 28 26 27 29 33 29 28 26 36 31 30 41 25 41 41 59 65 56 51 43 49 40 47 40 42 62 67 75 77 65 55 56 37 62 75 122 226 0 191 92
12 16 20 14 14 16 10 16 13 7 16 18 20 11 24 8 13 20 18 12 12 10 15 18 16 12 13 16 16 20 23 18 18 29 22 19 22 17 18 13 11 17 16 23 11 15 14 22 26 21 18 21 18 20 24 18 19 20 21 27 32 21 24 22 26 24 30 26 24 32 32 26 30 35 27 33 37 31 37 25 36 35 28 39 22 29 37 40 39 31 37 32 37 29 41 35 40 43 47 56 62 68 57 58 66 56 61 50 58 53 45 50 52 61 62 46 47 57 65 75 68 93 191 0 187
10 8 12 17 14 16 11 20 13 15 17 16 12 14 17 13 14 17 13 16 21 29 25 18 11 21 8 18 10 21 16 10 21 18 16 17 16 21 15 12 16 12 11 14 19 13 18 15 10 18 18 14 27 19 20 23 34 17 17 31 25 23 20 28 14 27 23 29 31 33 17 31 27 24 22 25 23 37 31 24 29 24 35 27 33 35 31 23 26 41 35 30 32 27 44 33 30 44 40 53 52 37 62 58 44 42 50 51 58 52 41 39 56 63 45 53 46 70 83 120 79 82 92 187 0
